date,org,inst,max,min,worst,im,vim,vma
2018-07-04,32,47,480,-560,-560,0,0,0
2018-07-04,35,244,-60,70,-60,0,0,0
2018-06-27,34,219,-14268,16646,-14268,5945,-3567,-1200
2018-07-04,34,47,120,-140,-140,0,0,0
2018-06-28,34,219,-14268,16646,-14268,0,0,0
2018-07-03,33,220,7804800,-9105600,-9105600,674400,650400,-2700000
2018-07-03,35,224,180000,-210000,-210000,75000,-15000,0
2018-07-09,32,47,480,-560,-560,0,0,0
2018-07-05,34,221,-153600,179200,-153600,12800,-12800,-80000
2018-07-09,34,47,120,-140,-140,0,0,0
2018-07-02,33,221,119040,-138880,-138880,9920,9920,0
2018-07-09,35,244,-60,70,-60,0,0,0
2018-06-29,33,47,180,-210,-210,0,0,0
2018-07-06,33,223,1080000,-1260000,-1260000,450000,450000,200000
2018-06-28,34,232,12,-14,-14,0,0,0
2018-06-26,33,226,14520,-16940,-16940,0,0,0
2018-07-02,33,220,8130000,-9485000,-9485000,702500,677500,0
2018-07-02,35,224,159000,-185500,-185500,66250,-13250,0
2018-06-28,34,244,60,-70,-70,0,0,0
2018-07-05,34,220,8400000,-9800000,-9800000,700000,-675000,-5400000
2018-07-03,33,221,129600,-151200,-151200,10800,10800,88000
2018-07-04,33,223,960000,-1120000,-1120000,400000,400000,-800000
2018-06-25,33,226,14520,-16940,-16940,1210,-1210,-1000
2018-06-28,33,40,120,-140,-140,0,0,0
2018-06-28,32,223,707940,-825930,-825930,294975,294975,0
2018-06-27,33,40,120,-140,-140,0,0,0
2018-06-27,32,223,707940,-825930,-825930,294975,294975,0
2018-06-28,34,223,707940,-825930,-825930,294975,-294975,0
2018-07-09,33,223,960000,-1120000,-1120000,400000,400000,-400000
2018-06-27,34,223,707940,-825930,-825930,294975,-294975,0
2018-06-29,33,40,120,-140,-140,0,0,0
2018-06-29,32,223,707940,-825930,-825930,294975,294975,0
2018-07-06,32,47,480,-560,-560,0,0,0
2018-07-06,35,244,-60,70,-60,0,0,0
2018-06-29,34,223,1022580,-1193010,-1193010,426075,-426075,-22000
2018-07-06,34,47,120,-140,-140,0,0,0
2018-06-29,34,244,60,-70,-70,0,0,0
2018-06-28,34,234,-9,11,-9,0,0,0
2018-06-28,34,220,6615000,-7717500,-7717500,551250,-551250,1125000
2018-07-03,32,47,480,-560,-560,0,0,0
2018-07-05,34,244,60,-70,-70,0,0,0
2018-07-09,33,220,8715360,-10167920,-10167920,753080,726280,12960000
2018-07-09,35,224,156000,-182000,-182000,65000,-13000,0
2018-07-03,35,244,-60,70,-60,0,0,0
2018-07-03,34,47,120,-140,-140,0,0,0
2018-06-28,35,229,79200,-92400,-92400,33000,-33000,-2000
2018-06-26,32,223,707940,-825930,-825930,294975,294975,4500
2018-06-26,33,40,600,-700,-700,0,0,0
2018-07-04,33,220,7479600,-8726200,-8726200,646300,623300,-2700000
2018-07-04,35,224,186000,-217000,-217000,77500,-15500,0
2018-06-27,34,228,0,0,0,10560,-5280,-2000
2018-07-05,33,40,120,-140,-140,0,0,0
2018-07-05,32,223,918000,-1071000,-1071000,722500,382500,450000
2018-06-28,33,237,12,-14,-14,0,0,0
2018-07-02,33,223,1101240,-1284780,-1284780,458850,458850,0
2018-06-26,33,222,783000,-913500,-913500,326250,326250,25000
2018-06-26,34,223,707940,-825930,-825930,294975,-294975,-4500
2018-07-05,34,223,1326000,-1547000,-1547000,552500,-552500,-650000
2018-07-06,33,221,172800,-201600,-201600,14400,14400,160000
2018-06-29,34,220,8400000,-9800000,-9800000,700000,-675000,-925000
2018-07-02,34,368,24000,-28000,-28000,0,0,0
2018-06-28,35,237,12,-14,-14,0,0,0
2018-06-28,33,229,47520,-55440,-55440,19800,19800,4000
2018-07-04,33,221,144000,-168000,-168000,12000,12000,120000
2018-07-03,33,223,1200000,-1400000,-1400000,500000,500000,1378000
2018-07-02,32,47,240,-280,-280,0,0,0
2018-07-05,33,47,360,-420,-420,0,0,0
2018-07-02,35,244,-60,70,-60,0,0,0
2018-07-09,33,221,144000,-168000,-168000,12000,12000,-240000
2018-07-02,34,47,420,-490,-490,0,0,0
2018-06-29,34,221,-119040,138880,-119040,9920,-9920,16000
2018-07-06,33,220,7154400,-8346800,-8346800,618200,596200,-8100000
2018-07-06,35,224,204000,-238000,-238000,85000,-17000,0
2018-06-29,34,255,14400,-16800,-16800,0,0,0
2018-06-28,33,230,0,1,0,0,0,0
2018-06-29,33,220,8130000,-9485000,-9485000,702500,677500,925000
2018-06-29,35,224,159000,-185500,-185500,66250,-13250,0
2018-07-02,33,368,24000,-28000,-28000,0,0,0
2018-07-06,34,221,-172800,201600,-172800,14400,-14400,-160000
2018-06-28,35,239,-9,11,-9,0,0,0
2018-06-26,34,222,-78300,91350,-78300,619875,-619875,-2500
2018-06-26,33,223,1573200,-1835400,-1835400,655500,655500,0
2018-07-02,34,223,1022580,-1193010,-1193010,426075,-426075,0
2018-07-05,33,223,1020000,-1190000,-1190000,425000,425000,200000
2018-06-26,32,222,704700,-822150,-822150,293625,293625,-22500
2018-07-02,33,40,120,-140,-140,0,0,0
2018-07-02,32,223,707940,-825930,-825930,294975,294975,0
2018-06-27,33,228,47520,-55440,-55440,7920,7920,4000
2018-07-04,34,220,7728000,-9016000,-9016000,644000,-621000,2700000
2018-07-03,33,47,360,-420,-420,0,0,0
2018-06-28,33,220,6615000,-7717500,-7717500,551250,551250,-1125000
2018-07-09,34,220,9004800,-10505600,-10505600,750400,-723600,-12960000
2018-07-02,34,244,60,-70,-70,0,0,0
2018-06-29,33,255,14400,-16800,-16800,0,0,0
2018-06-28,33,239,9,-11,-11,0,0,0
2018-06-28,34,230,0,-1,-1,0,0,0
2018-07-06,34,220,7392000,-8624000,-8624000,616000,-594000,8100000
2018-06-29,33,221,119040,-138880,-138880,9920,9920,-16000
2018-07-05,35,244,-60,70,-60,0,0,0
2018-07-05,34,47,120,-140,-140,0,0,0
2018-07-02,33,47,180,-210,-210,0,0,0
2018-06-26,34,47,60,-70,-70,0,0,0
2018-07-09,34,221,-144000,168000,-144000,12000,-12000,240000
2018-07-03,34,244,60,-70,-70,0,0,0
2018-07-05,32,47,480,-560,-560,0,0,0
2018-06-26,32,47,60,-70,-70,0,0,0
2018-07-04,34,221,-144000,168000,-144000,12000,-12000,-120000
2018-06-28,34,229,0,0,0,26400,-13200,-2000
2018-06-27,35,228,79200,-92400,-92400,13200,-13200,-2000
2018-07-03,34,223,1560000,-1820000,-1820000,650000,-650000,-4478500
2018-07-03,33,40,120,-140,-140,0,0,0
2018-07-03,32,223,1080000,-1260000,-1260000,450000,450000,3100500
2018-07-06,34,244,60,-70,-70,0,0,0
2018-06-29,35,244,-60,70,-60,0,0,0
2018-06-29,34,47,420,-490,-490,0,0,0
2018-07-06,34,223,1404000,-1638000,-1638000,585000,-585000,-650000
2018-06-28,35,234,9,-11,-11,0,0,0
2018-06-29,32,47,240,-280,-280,0,0,0
2018-07-06,33,40,120,-140,-140,0,0,0
2018-07-06,32,223,972000,-1134000,-1134000,765000,405000,450000
2018-06-27,34,47,60,-70,-70,0,0,0
2018-07-05,33,221,153600,-179200,-179200,12800,12800,80000
2018-06-28,35,244,-60,70,-60,0,0,0
2018-07-02,34,221,-119040,138880,-119040,9920,-9920,0
2018-06-28,34,47,60,-70,-70,0,0,0
2018-07-09,33,47,360,-420,-420,0,0,0
2018-06-27,32,47,60,-70,-70,0,0,0
2018-06-28,35,235,-60,70,-60,0,0,0
2018-06-28,32,47,60,-70,-70,0,0,0
2018-07-03,34,220,8064000,-9408000,-9408000,672000,-648000,2700000
2018-06-27,33,219,42804,-49938,-49938,8323,3567,2700
2018-07-04,33,47,360,-420,-420,0,0,0
2018-06-28,33,219,42804,-49938,-49938,0,0,0
2018-06-29,33,223,1101240,-1284780,-1284780,458850,458850,22000
2018-07-06,33,47,360,-420,-420,0,0,0
2018-06-28,33,223,786600,-917700,-917700,327750,327750,0
2018-07-09,34,223,1248000,-1456000,-1456000,520000,-520000,1300000
2018-06-27,33,223,786600,-917700,-917700,327750,327750,0
2018-06-27,35,219,85608,-99876,-99876,7134,7134,-1500
2018-07-09,33,40,120,-140,-140,0,0,0
2018-07-09,32,223,864000,-1008000,-1008000,840000,360000,-900000
2018-06-25,34,226,14520,-16940,-16940,1210,1210,1000
2018-07-04,34,244,60,-70,-70,0,0,0
2018-06-28,35,219,85608,-99876,-99876,0,0,0
2018-07-03,34,221,-129600,151200,-129600,10800,-10800,-88000
2018-06-28,33,235,60,-70,-70,0,0,0
2018-07-04,34,223,1248000,-1456000,-1456000,520000,-520000,2600000
2018-06-26,34,226,14520,-16940,-16940,0,0,0
2018-07-02,34,220,8400000,-9800000,-9800000,700000,-675000,0
2018-07-05,33,220,8130000,-9485000,-9485000,702500,677500,5400000
2018-07-05,35,224,192000,-224000,-224000,80000,-16000,0
2018-07-09,34,244,60,-70,-70,0,0,0
2018-07-04,33,40,120,-140,-140,0,0,0
2018-07-04,32,223,864000,-1008000,-1008000,520000,360000,-1800000
