date,acc,org,max,min,worst,im,vim,vma
2018-06-27,32,32,15,-18,-18,0,0,0
2018-06-28,32,32,-45,53,-45,0,0,0
2018-06-29,36,35,63540,-74130,-74130,26500,26500,2500
2018-07-05,33,32,1324170,-1544865,-1544865,552500,552500,750000
2018-06-26,33,32,707985,-825983,-825983,294975,294975,4500
2018-06-28,36,35,-120,140,-120,0,0,0
2018-07-09,41,35,93600,-109200,-109200,39000,-39000,160000
2018-07-06,40,34,60,-70,-70,0,0,0
2018-07-06,38,33,40800,-47600,-47600,25400,3400,310000
2018-07-02,37,33,9405540,-10973130,-10973130,1148850,1148850,0
2018-06-29,32,32,60,-70,-70,0,0,0
2018-07-04,41,35,111600,-130200,-130200,46500,-46500,-20000
2018-06-26,35,34,1412700,-1648150,-1648150,588600,-588600,18000
2018-07-05,35,34,9576120,-11172140,-11172140,1240000,-1240000,-6150000
2018-07-04,40,34,60,-70,-70,0,0,0
2018-06-25,39,34,14520,-16940,-16940,1210,1210,1000
2018-07-04,38,33,6000,-7000,-7000,23500,500,170000
2018-07-05,39,34,-3600,4200,-3600,25300,-300,20000
2018-07-09,40,34,60,-70,-70,0,0,0
2018-06-26,39,34,14520,-16940,-16940,0,0,0
2018-07-06,41,35,122400,-142800,-142800,51000,-51000,-40000
2018-07-09,38,33,-16800,19600,-16800,25400,-1400,-480000
2018-07-03,37,33,9149280,-10674160,-10674160,1162400,1162400,-1372000
2018-07-06,37,33,8366880,-9761360,-9761360,1057200,1057200,-8050000
2018-06-27,39,34,30108,-35126,-35126,3829,3829,400
2018-07-02,40,34,60,-70,-70,0,0,0
2018-06-28,39,34,30114,-35133,-35133,6600,6600,0
2018-07-02,38,33,-30960,36120,-30960,22420,-2580,0
2018-06-29,39,34,30960,-36120,-36120,22420,2580,16000
2018-07-03,41,35,108000,-126000,-126000,45000,-45000,-70000
2018-07-05,32,32,-405690,473305,-405690,170000,-170000,-300000
2018-07-03,40,34,60,-70,-70,0,0,0
2018-06-26,32,32,704715,-822168,-822168,293625,293625,-22500
2018-06-29,35,34,9287400,-10835300,-10835300,1113575,-1113575,-947000
2018-07-03,38,33,-14400,16800,-14400,22800,-1200,138000
2018-06-27,33,32,707985,-825983,-825983,294975,294975,0
2018-06-28,33,32,708045,-826053,-826053,294975,294975,0
2018-07-04,37,33,8578080,-10007760,-10007760,1034800,1034800,-3550000
2018-07-02,41,35,95400,-111300,-111300,39750,-39750,0
2018-07-05,36,35,76740,-89530,-89530,32000,32000,20000
2018-06-29,33,32,708120,-826140,-826140,294975,294975,0
2018-07-09,37,33,9836640,-11476080,-11476080,1139680,1139680,12800000
2018-06-28,35,34,7353114,-8578633,-8578633,852825,-852825,1125000
2018-06-27,35,34,738108,-861126,-861126,298804,-298804,-400
2018-07-03,36,35,71940,-83930,-83930,30000,30000,70000
2018-07-06,33,32,1402170,-1635865,-1635865,585000,585000,650000
2018-07-05,38,33,3600,-4200,-4200,25300,300,-20000
2018-06-26,40,34,-783000,913500,-783000,326250,-326250,-25000
2018-07-03,32,32,-90,105,-90,0,0,0
2018-07-05,40,34,60,-70,-70,0,0,0
2018-07-09,39,34,16800,-19600,-19600,25400,1400,480000
2018-07-06,35,34,8664120,-10108140,-10108140,1190000,-1190000,7600000
2018-07-04,39,34,-6000,7000,-6000,23500,-500,-170000
2018-07-09,35,34,10092120,-11774140,-11774140,1257000,-1257000,-11900000
2018-06-27,37,33,861204,-1004738,-1004738,336597,336597,6700
2018-06-28,37,33,7476273,-8722319,-8722319,892200,892200,-1121000
2018-07-04,35,34,8838120,-10311140,-10311140,1152500,-1152500,5350000
2018-07-02,36,35,63540,-74130,-74130,26500,26500,0
2018-07-06,39,34,-40800,47600,-40800,25400,-3400,-310000
2018-07-05,41,35,115200,-134400,-134400,48000,-48000,-20000
2018-07-09,33,32,1439370,-1679265,-1679265,600000,600000,-1200000
2018-07-04,33,32,1055370,-1231265,-1231265,440000,440000,-1700000
2018-06-29,37,33,9395940,-10961930,-10961930,1148850,1148850,947000
2018-07-02,32,32,60,-70,-70,0,0,0
2018-07-02,35,34,9297000,-10846500,-10846500,1113575,-1113575,0
2018-07-05,37,33,9300480,-10850560,-10850560,1115000,1115000,5700000
2018-06-26,37,33,2371320,-2766540,-2766540,981750,981750,25000
2018-07-04,36,35,74340,-86730,-86730,31000,31000,20000
2018-06-28,41,35,164820,-192290,-192290,33000,-33000,-2000
2018-07-09,36,35,62340,-72730,-72730,26000,26000,-160000
2018-06-25,37,33,14520,-16940,-16940,1210,-1210,-1000
2018-06-27,41,35,164808,-192276,-192276,20334,-6066,-3500
2018-07-02,33,32,708120,-826140,-826140,294975,294975,0
2018-06-29,41,35,95400,-111300,-111300,39750,-39750,-2500
2018-07-04,32,32,-190890,222705,-190890,80000,-80000,-100000
2018-06-28,34,33,44388,-51786,-51786,6600,6600,0
2018-06-27,34,33,44376,-51772,-51772,5018,5018,0
2018-07-03,39,34,14400,-16800,-16800,22800,1200,-138000
2018-07-09,32,32,-574890,670705,-574890,240000,-240000,300000
2018-07-06,32,32,-429690,501305,-429690,180000,-180000,-200000
2018-06-29,38,33,-30960,36120,-30960,22420,-2580,-16000
2018-07-03,35,34,9480120,-11060140,-11060140,1310000,-1310000,-1728500
2018-06-29,40,34,60,-70,-70,0,0,0
2018-06-28,38,33,-28536,33293,-28536,0,0,0
2018-06-27,38,33,-28536,33292,-28536,2378,-2378,0
2018-06-28,40,34,-74433,86838,-74433,13200,-13200,-2000
2018-07-06,36,35,81540,-95130,-95130,34000,34000,40000
2018-06-27,40,34,-74484,86898,-74484,8847,-8847,-3200
2018-07-02,39,34,30960,-36120,-36120,22420,2580,0
2018-07-03,33,32,1080570,-1260665,-1260665,450000,450000,3100500
