date,acc,org,inst,del,rec,net,max,min,im,vma
2018-06-25,37,33,226,1,0,-1,14520,-16940,1210,-1000
2018-06-25,39,34,226,0,1,1,14520,-16940,1210,1000
2018-06-26,40,34,40,0,0,0,0,0,0,0
2018-06-26,32,32,222,0,45,45,704700,-822150,293625,-22500
2018-06-26,35,34,222,45,0,-45,704700,-822150,293625,22500
2018-06-26,37,33,222,0,50,50,783000,-913500,326250,25000
2018-06-26,40,34,222,50,0,-50,-783000,913500,326250,-25000
2018-06-26,32,32,47,0,5,5,15,-18,0,0
2018-06-26,33,32,47,0,15,15,45,-53,0,0
2018-06-26,35,34,47,20,0,-20,60,-70,0,0
2018-06-26,32,32,223,0,0,0,0,0,0,0
2018-06-26,33,32,223,0,45,45,707940,-825930,294975,4500
2018-06-26,35,34,223,45,0,-45,707940,-825930,294975,-4500
2018-06-26,40,34,223,0,0,0,0,0,0,0
2018-06-26,37,33,226,1,0,-1,14520,-16940,0,0
2018-06-26,39,34,226,0,1,1,14520,-16940,0,0
2018-06-26,37,33,223,25,25,0,1573200,-1835400,655500,0
2018-06-26,37,33,40,5,5,0,600,-700,0,0
2018-06-27,40,34,40,0,0,0,0,0,0,0
2018-06-27,37,33,40,5,5,0,120,-140,0,0
2018-06-27,41,35,219,3,3,0,85608,-99876,7134,-1500
2018-06-27,35,34,219,1,0,-1,14268,-16646,1189,-400
2018-06-27,37,33,219,0,3,3,42804,-49938,3567,2700
2018-06-27,34,33,219,0,2,2,28536,-33292,2378,0
2018-06-27,38,33,219,2,0,-2,-28536,33292,2378,0
2018-06-27,40,34,219,3,0,-3,-42804,49938,3567,-1200
2018-06-27,39,34,219,0,1,1,14268,-16646,1189,400
2018-06-27,32,32,47,0,5,5,15,-18,0,0
2018-06-27,33,32,47,0,15,15,45,-53,0,0
2018-06-27,35,34,47,20,0,-20,60,-70,0,0
2018-06-27,41,35,228,3,2,-1,79200,-92400,13200,-2000
2018-06-27,37,33,228,0,2,2,31680,-36960,5280,4000
2018-06-27,35,34,228,1,0,-1,15840,-18480,2640,0
2018-06-27,40,34,228,2,0,-2,-31680,36960,5280,-2000
2018-06-27,39,34,228,0,1,1,15840,-18480,2640,0
2018-06-27,34,33,228,0,1,1,15840,-18480,2640,0
2018-06-27,32,32,223,0,0,0,0,0,0,0
2018-06-27,33,32,223,0,45,45,707940,-825930,294975,0
2018-06-27,37,33,223,25,25,0,786600,-917700,327750,0
2018-06-27,35,34,223,45,0,-45,707940,-825930,294975,0
2018-06-27,40,34,223,0,0,0,0,0,0,0
2018-06-28,40,34,40,0,0,0,0,0,0,0
2018-06-28,37,33,40,5,5,0,120,-140,0,0
2018-06-28,35,34,220,450,0,-450,6615000,-7717500,551250,1125000
2018-06-28,37,33,220,0,450,450,6615000,-7717500,551250,-1125000
2018-06-28,41,35,219,3,3,0,85608,-99876,0,0
2018-06-28,40,34,219,3,0,-3,-42804,49938,0,0
2018-06-28,38,33,219,2,0,-2,-28536,33292,0,0
2018-06-28,35,34,219,1,0,-1,14268,-16646,0,0
2018-06-28,37,33,219,0,3,3,42804,-49938,0,0
2018-06-28,39,34,219,0,1,1,14268,-16646,0,0
2018-06-28,34,33,219,0,2,2,28536,-33292,0,0
2018-06-28,41,35,229,3,2,-1,79200,-92400,33000,-2000
2018-06-28,35,34,229,1,0,-1,15840,-18480,6600,0
2018-06-28,37,33,229,0,2,2,31680,-36960,13200,4000
2018-06-28,40,34,229,2,0,-2,-31680,36960,13200,-2000
2018-06-28,39,34,229,0,1,1,15840,-18480,6600,0
2018-06-28,34,33,229,0,1,1,15840,-18480,6600,0
2018-06-28,37,33,239,0,3,3,9,-11,0,0
2018-06-28,36,35,239,3,0,-3,-9,11,0,0
2018-06-28,33,32,47,0,15,15,45,-53,0,0
2018-06-28,32,32,47,0,5,5,15,-18,0,0
2018-06-28,35,34,47,20,0,-20,60,-70,0,0
2018-06-28,41,35,237,2,0,-2,12,-14,0,0
2018-06-28,34,33,237,0,2,2,12,-14,0,0
2018-06-28,32,32,233,5,0,-5,-60,70,0,0
2018-06-28,33,32,233,0,5,5,60,-70,0,0
2018-06-28,40,34,234,3,0,-3,-9,11,0,0
2018-06-28,36,35,234,0,3,3,9,-11,0,0
2018-06-28,38,33,230,4,0,-4,0,1,0,0
2018-06-28,40,34,230,0,4,4,0,-1,0,0
2018-06-28,37,33,235,0,5,5,60,-70,0,0
2018-06-28,36,35,235,5,0,-5,-60,70,0,0
2018-06-28,40,34,244,0,5,5,60,-70,0,0
2018-06-28,36,35,244,5,0,-5,-60,70,0,0
2018-06-28,33,32,223,0,45,45,707940,-825930,294975,0
2018-06-28,32,32,223,0,0,0,0,0,0,0
2018-06-28,37,33,223,25,25,0,786600,-917700,327750,0
2018-06-28,35,34,223,45,0,-45,707940,-825930,294975,0
2018-06-28,40,34,223,0,0,0,0,0,0,0
2018-06-28,35,34,232,1,0,-1,6,-7,0,0
2018-06-28,39,34,232,0,1,1,6,-7,0,0
2018-06-29,37,33,40,5,5,0,120,-140,0,0
2018-06-29,40,34,40,0,0,0,0,0,0,0
2018-06-29,35,34,255,1200,0,-1200,14400,-16800,0,0
2018-06-29,37,33,255,0,1200,1200,14400,-16800,0,0
2018-06-29,32,32,223,0,0,0,0,0,0,0
2018-06-29,33,32,223,0,45,45,707940,-825930,294975,0
2018-06-29,40,34,223,0,0,0,0,0,0,0
2018-06-29,37,33,223,25,45,20,1101240,-1284780,458850,22000
2018-06-29,35,34,223,65,0,-65,1022580,-1193010,426075,-22000
2018-06-29,32,32,220,1,1,0,0,0,0,0
2018-06-29,39,34,220,0,10,10,150000,-175000,12500,0
2018-06-29,38,33,220,10,0,-10,-150000,175000,12500,0
2018-06-29,37,33,220,1,551,550,8280000,-9660000,690000,925000
2018-06-29,35,34,220,550,0,-550,8250000,-9625000,687500,-925000
2018-06-29,41,35,224,5,1,-4,95400,-111300,39750,-2500
2018-06-29,36,35,224,1,5,4,63600,-74200,26500,2500
2018-06-29,39,34,221,8,0,-8,-119040,138880,9920,16000
2018-06-29,38,33,221,0,8,8,119040,-138880,9920,-16000
2018-06-29,32,32,47,0,5,5,60,-70,0,0
2018-06-29,33,32,47,0,15,15,180,-210,0,0
2018-06-29,37,33,47,15,0,-15,180,-210,0,0
2018-06-29,35,34,47,20,15,-5,420,-490,0,0
2018-06-29,36,35,244,5,0,-5,-60,70,0,0
2018-06-29,40,34,244,0,5,5,60,-70,0,0
2018-07-02,40,34,40,0,0,0,0,0,0,0
2018-07-02,37,33,40,5,5,0,120,-140,0,0
2018-07-02,32,32,223,0,0,0,0,0,0,0
2018-07-02,33,32,223,0,45,45,707940,-825930,294975,0
2018-07-02,35,34,223,65,0,-65,1022580,-1193010,426075,0
2018-07-02,40,34,223,0,0,0,0,0,0,0
2018-07-02,32,32,220,1,1,0,0,0,0,0
2018-07-02,37,33,220,1,551,550,8280000,-9660000,690000,0
2018-07-02,35,34,220,550,0,-550,8250000,-9625000,687500,0
2018-07-02,39,34,220,0,10,10,150000,-175000,12500,0
2018-07-02,38,33,220,10,0,-10,-150000,175000,12500,0
2018-07-02,41,35,224,5,1,-4,95400,-111300,39750,0
2018-07-02,36,35,224,1,5,4,63600,-74200,26500,0
2018-07-02,39,34,221,8,0,-8,-119040,138880,9920,0
2018-07-02,38,33,221,0,8,8,119040,-138880,9920,0
2018-07-02,32,32,47,0,5,5,60,-70,0,0
2018-07-02,33,32,47,0,15,15,180,-210,0,0
2018-07-02,37,33,47,15,0,-15,180,-210,0,0
2018-07-02,37,33,368,0,2000,2000,24000,-28000,0,0
2018-07-02,35,34,368,2000,0,-2000,24000,-28000,0,0
2018-07-02,36,35,244,5,0,-5,-60,70,0,0
2018-07-02,40,34,244,0,5,5,60,-70,0,0
2018-07-02,35,34,47,5,0,-5,420,-490,0,0
2018-07-02,37,33,223,15,35,20,1101240,-1284780,458850,0
2018-07-03,40,34,40,0,0,0,0,0,0,0
2018-07-03,37,33,40,5,5,0,120,-140,0,0
2018-07-03,33,32,272,5,5,0,0,0,0,0
2018-07-03,32,32,272,5,5,0,0,0,0,0
2018-07-03,32,32,220,1,1,0,0,0,0,0
2018-07-03,37,33,220,1,551,550,7948800,-9273600,662400,-2750000
2018-07-03,35,34,220,550,0,-550,7920000,-9240000,660000,2750000
2018-07-03,39,34,220,0,10,10,144000,-168000,12000,-50000
2018-07-03,38,33,220,10,0,-10,-144000,168000,12000,50000
2018-07-03,41,35,224,5,1,-4,108000,-126000,45000,-70000
2018-07-03,36,35,224,1,5,4,72000,-84000,30000,70000
2018-07-03,33,32,457,0,10,10,30,-35,0,0
2018-07-03,32,32,457,10,0,-10,-30,35,0,0
2018-07-03,39,34,221,8,0,-8,-129600,151200,10800,-88000
2018-07-03,38,33,221,0,8,8,129600,-151200,10800,88000
2018-07-03,33,32,47,0,20,20,480,-560,0,0
2018-07-03,32,32,47,5,5,0,0,0,0,0
2018-07-03,37,33,47,15,0,-15,360,-420,0,0
2018-07-03,35,34,47,5,0,-5,120,-140,0,0
2018-07-03,33,32,223,0,45,45,1080000,-1260000,450000,3100500
2018-07-03,32,32,223,0,0,0,0,0,0,0
2018-07-03,37,33,223,15,35,20,1200000,-1400000,500000,1378000
2018-07-03,35,34,223,65,0,-65,1560000,-1820000,650000,-4478500
2018-07-03,40,34,223,0,0,0,0,0,0,0
2018-07-03,32,32,405,10,0,-10,-60,70,0,0
2018-07-03,33,32,405,0,10,10,60,-70,0,0
2018-07-03,40,34,244,0,5,5,60,-70,0,0
2018-07-03,36,35,244,5,0,-5,-60,70,0,0
2018-07-04,40,34,40,0,0,0,0,0,0,0
2018-07-04,37,33,40,5,5,0,120,-140,0,0
2018-07-04,33,32,272,5,5,0,0,0,0,0
2018-07-04,32,32,272,5,5,0,0,0,0,0
2018-07-04,33,32,223,0,55,55,1056000,-1232000,440000,-1700000
2018-07-04,32,32,223,10,0,-10,-192000,224000,80000,-100000
2018-07-04,37,33,223,15,35,20,960000,-1120000,400000,-800000
2018-07-04,35,34,223,65,0,-65,1248000,-1456000,520000,2600000
2018-07-04,40,34,223,0,0,0,0,0,0,0
2018-07-04,32,32,220,1,1,0,0,0,0,0
2018-07-04,37,33,220,1,551,550,7617600,-8887200,634800,-2750000
2018-07-04,35,34,220,550,0,-550,7590000,-8855000,632500,2750000
2018-07-04,39,34,220,0,10,10,138000,-161000,11500,-50000
2018-07-04,38,33,220,10,0,-10,-138000,161000,11500,50000
2018-07-04,41,35,224,5,1,-4,111600,-130200,46500,-20000
2018-07-04,36,35,224,1,5,4,74400,-86800,31000,20000
2018-07-04,33,32,457,0,10,10,30,-35,0,0
2018-07-04,32,32,457,10,0,-10,-30,35,0,0
2018-07-04,39,34,221,8,0,-8,-144000,168000,12000,-120000
2018-07-04,38,33,221,0,8,8,144000,-168000,12000,120000
2018-07-04,33,32,47,0,20,20,480,-560,0,0
2018-07-04,32,32,47,5,5,0,0,0,0,0
2018-07-04,37,33,47,15,0,-15,360,-420,0,0
2018-07-04,35,34,47,5,0,-5,120,-140,0,0
2018-07-04,33,32,310,50,0,-50,-1200,1400,0,0
2018-07-04,32,32,310,0,50,50,1200,-1400,0,0
2018-07-04,32,32,405,10,0,-10,-60,70,0,0
2018-07-04,33,32,405,0,10,10,60,-70,0,0
2018-07-04,40,34,244,0,5,5,60,-70,0,0
2018-07-04,36,35,244,5,0,-5,-60,70,0,0
2018-07-05,37,33,40,5,5,0,120,-140,0,0
2018-07-05,40,34,40,0,0,0,0,0,0,0
2018-07-05,32,32,272,5,5,0,0,0,0,0
2018-07-05,33,32,272,5,5,0,0,0,0,0
2018-07-05,33,32,223,0,65,65,1326000,-1547000,552500,750000
2018-07-05,32,32,223,20,0,-20,-408000,476000,170000,-300000
2018-07-05,40,34,223,0,0,0,0,0,0,0
2018-07-05,37,33,223,15,35,20,1020000,-1190000,425000,200000
2018-07-05,35,34,223,65,0,-65,1326000,-1547000,552500,-650000
2018-07-05,32,32,220,1,1,0,0,0,0,0
2018-07-05,39,34,220,0,10,10,150000,-175000,12500,100000
2018-07-05,38,33,220,10,0,-10,-150000,175000,12500,-100000
2018-07-05,37,33,220,1,551,550,8280000,-9660000,690000,5500000
2018-07-05,35,34,220,550,0,-550,8250000,-9625000,687500,-5500000
2018-07-05,41,35,224,5,1,-4,115200,-134400,48000,-20000
2018-07-05,36,35,224,1,5,4,76800,-89600,32000,20000
2018-07-05,33,32,457,0,10,10,30,-35,0,0
2018-07-05,32,32,457,10,0,-10,-30,35,0,0
2018-07-05,39,34,221,8,0,-8,-153600,179200,12800,-80000
2018-07-05,38,33,221,0,8,8,153600,-179200,12800,80000
2018-07-05,32,32,47,5,5,0,0,0,0,0
2018-07-05,33,32,47,0,20,20,480,-560,0,0
2018-07-05,37,33,47,15,0,-15,360,-420,0,0
2018-07-05,35,34,47,5,0,-5,120,-140,0,0
2018-07-05,32,32,310,0,100,100,2400,-2800,0,0
2018-07-05,33,32,310,100,0,-100,-2400,2800,0,0
2018-07-05,32,32,405,10,0,-10,-60,70,0,0
2018-07-05,33,32,405,0,10,10,60,-70,0,0
2018-07-05,36,35,244,5,0,-5,-60,70,0,0
2018-07-05,40,34,244,0,5,5,60,-70,0,0
2018-07-06,37,33,40,5,5,0,120,-140,0,0
2018-07-06,40,34,40,0,0,0,0,0,0,0
2018-07-06,32,32,272,5,5,0,0,0,0,0
2018-07-06,33,32,272,5,5,0,0,0,0,0
2018-07-06,33,32,223,0,65,65,1404000,-1638000,585000,650000
2018-07-06,32,32,223,20,0,-20,-432000,504000,180000,-200000
2018-07-06,40,34,223,0,0,0,0,0,0,0
2018-07-06,37,33,223,15,35,20,1080000,-1260000,450000,200000
2018-07-06,35,34,223,65,0,-65,1404000,-1638000,585000,-650000
2018-07-06,32,32,220,1,1,0,0,0,0,0
2018-07-06,39,34,220,0,10,10,132000,-154000,11000,-150000
2018-07-06,38,33,220,10,0,-10,-132000,154000,11000,150000
2018-07-06,37,33,220,1,551,550,7286400,-8500800,607200,-8250000
2018-07-06,35,34,220,550,0,-550,7260000,-8470000,605000,8250000
2018-07-06,41,35,224,5,1,-4,122400,-142800,51000,-40000
2018-07-06,36,35,224,1,5,4,81600,-95200,34000,40000
2018-07-06,33,32,457,0,10,10,30,-35,0,0
2018-07-06,32,32,457,10,0,-10,-30,35,0,0
2018-07-06,39,34,221,8,0,-8,-172800,201600,14400,-160000
2018-07-06,38,33,221,0,8,8,172800,-201600,14400,160000
2018-07-06,32,32,47,5,5,0,0,0,0,0
2018-07-06,33,32,47,0,20,20,480,-560,0,0
2018-07-06,37,33,47,15,0,-15,360,-420,0,0
2018-07-06,35,34,47,5,0,-5,120,-140,0,0
2018-07-06,32,32,310,0,100,100,2400,-2800,0,0
2018-07-06,33,32,310,100,0,-100,-2400,2800,0,0
2018-07-06,32,32,405,10,0,-10,-60,70,0,0
2018-07-06,33,32,405,0,10,10,60,-70,0,0
2018-07-06,36,35,244,5,0,-5,-60,70,0,0
2018-07-06,40,34,244,0,5,5,60,-70,0,0
2018-07-09,37,33,40,5,5,0,120,-140,0,0
2018-07-09,40,34,40,0,0,0,0,0,0,0
2018-07-09,32,32,272,5,5,0,0,0,0,0
2018-07-09,33,32,272,5,5,0,0,0,0,0
2018-07-09,33,32,223,0,75,75,1440000,-1680000,600000,-1200000
2018-07-09,32,32,223,30,0,-30,-576000,672000,240000,300000
2018-07-09,40,34,223,0,0,0,0,0,0,0
2018-07-09,37,33,223,15,35,20,960000,-1120000,400000,-400000
2018-07-09,35,34,223,65,0,-65,1248000,-1456000,520000,1300000
2018-07-09,32,32,220,1,1,0,0,0,0,0
2018-07-09,39,34,220,0,10,10,160800,-187600,13400,240000
2018-07-09,38,33,220,10,0,-10,-160800,187600,13400,-240000
2018-07-09,37,33,220,1,551,550,8876160,-10355520,739680,13200000
2018-07-09,35,34,220,550,0,-550,8844000,-10318000,737000,-13200000
2018-07-09,41,35,224,5,1,-4,93600,-109200,39000,160000
2018-07-09,36,35,224,1,5,4,62400,-72800,26000,-160000
2018-07-09,33,32,457,0,10,10,30,-35,0,0
2018-07-09,32,32,457,10,0,-10,-30,35,0,0
2018-07-09,39,34,221,8,0,-8,-144000,168000,12000,240000
2018-07-09,38,33,221,0,8,8,144000,-168000,12000,-240000
2018-07-09,32,32,47,5,5,0,0,0,0,0
2018-07-09,33,32,47,0,20,20,480,-560,0,0
2018-07-09,37,33,47,15,0,-15,360,-420,0,0
2018-07-09,35,34,47,5,0,-5,120,-140,0,0
2018-07-09,32,32,310,50,100,50,1200,-1400,0,0
2018-07-09,33,32,310,100,50,-50,-1200,1400,0,0
2018-07-09,32,32,405,10,0,-10,-60,70,0,0
2018-07-09,33,32,405,0,10,10,60,-70,0,0
2018-07-09,36,35,244,5,0,-5,-60,70,0,0
2018-07-09,40,34,244,0,5,5,60,-70,0,0
