date,org,acc,max,min,mkt_worst,org_worst,net_worst,im,vim,vma,acc_worst,acc_im,acc_vma,org_pml,mkt_pml
2018-07-05,35,41,191940,-223930,-23318260,-11172140,-223930,80000,-16000,0,-134400,48000,-20000,11092140,23238260
2018-07-05,34,35,9572580,-11168010,-23318260,-11172140,-11168010,1265300,-1240300,-6130000,-11172140,1240000,-6150000,16036840,28182960
2018-07-05,33,37,9304080,-10854760,-23318260,-11172140,-10854760,1140300,1115300,5680000,-10850560,1115000,5700000,4351840,16497960
2018-07-05,32,33,918480,-1071560,-23318260,-11172140,-1071560,722500,382500,450000,-1544865,552500,750000,9999640,22145760
2018-06-26,34,35,644220,-751590,-5166280,-2766540,-751590,914850,-914850,-7000,-1648150,588600,18000,1858690,4258430
2018-06-26,33,37,2371320,-2766540,-5166280,-2766540,-2766540,981750,981750,25000,-2766540,981750,25000,1759790,4159530
2018-06-26,32,33,1412700,-1648150,-5166280,-2766540,-1648150,588600,588600,-18000,-825983,294975,4500,2195940,4595680
2018-07-06,35,41,203940,-237930,-21242060,-10108140,-237930,85000,-17000,0,-142800,51000,-40000,10023140,21157060
2018-07-06,34,35,8623380,-10060610,-21242060,-10108140,-10060610,1215400,-1193400,7290000,-10108140,1190000,7600000,1602740,12736660
2018-07-06,33,37,8407680,-9808960,-21242060,-10108140,-9808960,1082600,1060600,-7740000,-9761360,1057200,-8050000,16765540,27899460
2018-07-06,32,33,972480,-1134560,-21242060,-10108140,-1134560,765000,405000,450000,-1635865,585000,650000,8893140,20027060
2018-06-25,34,39,14520,-16940,-33880,-16940,-16940,1210,1210,1000,-16940,1210,1000,14730,31670
2018-06-25,33,37,14520,-16940,-33880,-16940,-16940,1210,-1210,-1000,-16940,1210,-1000,16730,33670
2018-06-29,35,41,158940,-185430,-22808940,-10961930,-185430,66250,-13250,0,-111300,39750,-2500,10895680,22742690
2018-06-29,34,35,9318420,-10871490,-22808940,-10961930,-10871490,1135995,-1110995,-931000,-10835300,1113575,-947000,10756935,22603945
2018-06-29,33,37,9364980,-10925810,-22808940,-10961930,-10925810,1171270,1146270,931000,-10961930,1148850,947000,8859660,20706670
2018-06-29,32,33,708180,-826210,-22808940,-10961930,-826210,294975,294975,0,-826140,294975,0,10666955,22513965
2018-06-27,35,41,164808,-192276,-2850848,-1004738,-192276,20334,-6066,-3500,-192276,20334,-3500,987904,2834014
2018-06-27,34,35,693732,-809354,-2850848,-1004738,-809354,311480,-303822,-3200,-861126,298804,-400,696458,2542568
2018-06-27,33,37,877044,-1023218,-2850848,-1004738,-1023218,343993,339237,6700,-1004738,336597,6700,654045,2500155
2018-06-27,32,33,708000,-826000,-2850848,-1004738,-826000,294975,294975,0,-825983,294975,0,709763,2555873
2018-07-04,35,41,185940,-216930,-21544460,-10311140,-216930,77500,-15500,0,-130200,46500,-20000,10233640,21466960
2018-07-04,34,35,8832180,-10304210,-21544460,-10311140,-10304210,1176000,-1153000,5180000,-10311140,1152500,5350000,3955140,15188460
2018-07-04,33,37,8584080,-10014760,-21544460,-10311140,-10014760,1058300,1035300,-3380000,-10007760,1034800,-3550000,12632840,23866160
2018-07-04,32,33,864480,-1008560,-21544460,-10311140,-1008560,520000,360000,-1800000,-1231265,440000,-1700000,11591140,22824460
2018-07-09,35,41,155940,-181930,-24440780,-11774140,-181930,65000,-13000,0,-109200,39000,160000,11709140,24375780
2018-07-09,34,35,10108980,-11793810,-24440780,-11774140,-11793810,1282400,-1255600,-11420000,-11774140,1257000,-11900000,21911740,34578380
2018-07-09,33,37,9819840,-11456480,-24440780,-11774140,-11456480,1165080,1138280,12320000,-11476080,1139680,12800000,-1710940,10955700
2018-07-09,32,33,864480,-1008560,-24440780,-11774140,-1008560,840000,360000,-900000,-1679265,600000,-1200000,11834140,24500780
2018-06-28,35,41,164700,-192150,-18285890,-8722319,-192150,33000,-33000,-2000,-192290,33000,-2000,8691319,18254890
2018-06-28,34,35,7308795,-8526928,-18285890,-8722319,-8526928,872625,-859425,1123000,-8578633,852825,1125000,6726694,16290265
2018-06-28,33,37,7492125,-8740812,-18285890,-8722319,-8740812,898800,898800,-1121000,-8722319,892200,-1121000,8944519,18508090
2018-06-28,32,33,708000,-826000,-18285890,-8722319,-826000,294975,294975,0,-826053,294975,0,8427344,17990915
2018-07-03,35,41,179940,-209930,-23204860,-11060140,-209930,75000,-15000,0,-126000,45000,-70000,10985140,23129860
2018-07-03,34,35,9494580,-11077010,-23204860,-11060140,-11077010,1332800,-1308800,-1866500,-11060140,1310000,-1728500,11593840,23738560
2018-07-03,33,37,9134880,-10657360,-23204860,-11060140,-10657360,1185200,1161200,-1234000,-10674160,1162400,-1372000,11108940,23253660
2018-07-03,32,33,1080480,-1260560,-23204860,-11060140,-1260560,450000,450000,3100500,-1260665,450000,3100500,7509640,19654360
2018-07-02,35,41,158940,-185430,-22831340,-10973130,-185430,66250,-13250,0,-111300,39750,0,10906880,22765090
2018-07-02,34,35,9328020,-10882690,-22831340,-10973130,-10882690,1135995,-1110995,0,-10846500,1113575,0,9837135,21695345
2018-07-02,33,37,9374580,-10937010,-22831340,-10973130,-10937010,1171270,1146270,0,-10973130,1148850,0,9801860,21660070
2018-07-02,32,33,708180,-826210,-22831340,-10973130,-826210,294975,294975,0,-826140,294975,0,10678155,22536365
